100 120
35 35 35 26 35 40 35 35 35 35 35 35 35 35 39 26 35 35 35 35 35 35 35 35 35 35 35 35 35 35 35 35 35 35 26 35 35 35 35 35 35 40 35 35 26 35 35 35 35 35 35 35 35 35 35 35 35 35 35 35 35 35 35 35 35 35 35 35 35 35 35 35 35 35 35 35 35 35 35 35 35 35 35 35 35 35 35 35 35 35 35 35 35 35 35 35 35 35 35 35
26 35 35 35 35 35 35 35 35 26 35 35 35 35 35 35 35 35 35 35 35 35 40 26 35 35 35 35 35 35 39 35 35 35 35 35 35 35 35 35 35 35 35 35 35 35 35 35 35 40 35 35 35 35 35 35 35 35 35 35 35 35 35 35 35 35 35 35 35 35 35 35 35 35 35 35 35 26 35 35 35 35 35 35 35 26 35 35 35 26 35 35 35 35 35 35 35 26 35 35
35 35 26 35 35 35 26 35 35 35 35 35 35 35 35 35 35 35 35 35 35 35 35 35 35 35 35 35 35 35 35 35 26 35 40 35 35 35 35 35 35 35 35 35 35 35 35 35 35 35 35 35 35 35 35 35 35 35 35 35 35 35 35 35 35 35 35 35 35 35 35 35 35 35 35 35 35 35 35 35 35 35 35 35 35 35 35 35 35 35 35 35 26 35 35 35 35 35 35 35
39 35 35 35 35 35 35 35 35 35 35 35 35 35 35 35 35 35 35 26 35 35 35 35 35 35 35 26 26 35 35 35 35 35 35 35 35 26 35 35 26 35 35 35 35 35 35 35 35 35 35 35 35 35 35 35 35 35 35 35 35 35 35 35 35 35 35 35 35 35 35 35 35 35 35 35 26 35 35 35 35 35 35 35 35 35 35 35 35 35 35 35 35 35 35 35 35 35 35 35
35 35 35 35 35 35 35 35 35 35 35 40 40 35 35 35 26 35 35 35 35 35 35 26 35 35 35 35 35 35 35 35 26 35 35 35 35 35 35 35 35 35 35 35 35 35 35 35 35 35 35 35 35 35 35 35 35 35 35 35 35 35 35 35 35 35 35 35 35 35 35 35 35 35 35 35 35 35 35 35 35 26 35 35 35 35 35 35 35 35 35 35 35 35 35 35 35 26 35 35
35 35 35 35 35 35 35 35 35 35 35 35 35 35 35 35 35 35 26 35 35 35 35 35 35 35 35 35 39 35 35 35 35 35 35 35 35 35 35 35 35 35 35 35 35 35 35 35 35 35 35 35 35 35 35 35 35 35 35 35 35 35 35 35 35 35 35 35 35 35 35 35 35 35 35 35 35 35 35 35 35 35 35 35 35 35 35 35 35 26 35 35 34 35 35 35 35 35 35 35
35 35 35 35 35 35 35 35 35 35 35 35 35 35 35 35 35 35 35 35 35 35 35 35 35 35 35 35 35 35 35 35 35 35 35 35 35 35 35 35 35 35 35 35 35 35 35 35 35 35 35 35 35 35 35 35 35 35 35 35 35 35 35 35 35 35 35 35 35 35 35 35 35 35 35 35 35 35 35 35 35 35 35 35 26 35 35 35 35 35 35 35 35 26 35 35 35 35 35 35
35 35 35 35 35 35 35 35 35 35 35 35 35 26 35 35 35 35 35 35 35 35 35 35 35 35 35 35 35 35 35 35 35 26 35 39 26 35 35 35 35 35 35 35 35 35 35 35 35 35 35 35 35 35 35 35 35 35 35 35 35 35 35 35 35 35 35 35 35 35 35 35 35 35 35 35 35 35 35 35 35 35 35 35 35 35 35 39 35 26 35 35 35 35 35 35 26 35 35 35
35 35 35 35 35 35 35 35 35 35 35 35 35 35 35 35 35 35 35 35 35 39 35 26 35 35 26 35 35 35 26 35 35 35 35 35 35 35 35 35 35 35 35 35 35 35 35 35 35 35 35 35 35 35 35 35 35 35 35 35 35 35 35 35 35 35 35 35 35 35 35 35 35 35 35 35 35 35 35 26 35 35 35 35 35 35 35 35 35 35 35 35 35 35 35 35 35 35 35 35
35 35 35 35 35 35 35 35 35 35 35 35 35 35 35 35 26 35 35 35 35 35 35 35 35 35 35 35 35 35 35 35 35 35 35 35 35 35 35 35 35 35 35 35 35 35 35 35 35 35 35 35 35 35 35 35 35 35 35 35 35 35 35 35 35 35 35 35 35 35 35 35 35 35 35 35 26 35 35 35 35 35 35 35 35 35 35 35 35 35 35 35 35 35 35 35 35 35 35 35
35 35 35 35 35 35 35 35 35 35 35 35 35 35 35 35 35 35 35 26 35 35 35 35 35 35 35 35 26 35 35 35 35 35 26 35 35 35 35 35 35 35 35 35 35 35 35 35 35 35 35 35 35 35 35 35 35 35 35 35 35 35 35 35 35 35 35 35 35 35 35 35 35 35 35 35 35 35 35 35 35 35 35 35 26 35 35 35 35 35 35 26 35 35 16 16 16 16 16 16
35 35 35 35 35 35 35 35 35 35 35 35 35 35 35 35 35 35 35 35 35 35 35 35 40 35 35 35 35 35 40 35 35 35 35 35 35 35 35 35 35 35 35 35 35 35 35 35 35 35 35 35 35 35 35 35 35 35 35 35 35 35 35 35 35 35 35 35 35 35 35 35 35 35 26 35 35 35 35 35 35 35 35 35 35 35 35 35 35 35 35 35 35 16 16 16 16 16 16 16
35 35 35 35 35 35 35 35 35 35 35 35 35 35 35 35 35 35 35 35 35 26 35 35 35 35 35 35 35 35 35 35 35 35 35 35 35 35 35 35 35 35 35 35 35 35 35 35 35 35 35 35 35 35 35 35 35 35 35 35 35 35 35 35 35 35 35 35 40 35 35 35 35 35 35 35 35 35 35 35 35 35 35 35 35 35 35 35 35 35 35 35 43 16 16 16 16 16 16 16
35 35 35 35 35 35 35 35 35 35 35 35 35 35 35 35 35 35 35 35 35 35 35 35 35 35 35 35 35 35 35 35 35 35 35 35 35 35 35 35 35 35 35 35 35 35 35 35 35 35 35 35 35 35 35 35 35 35 35 35 35 35 35 35 35 35 35 35 35 35 35 35 35 35 35 35 35 26 35 35 35 35 35 26 35 35 44 28 28 28 28 28 43 16 16 16 16 16 16 16
35 35 35 35 35 35 35 35 35 35 35 35 35 35 35 35 35 35 35 35 35 35 35 35 35 35 35 35 35 35 35 35 35 35 35 35 35 35 35 35 35 35 35 35 35 35 35 35 35 35 35 35 35 35 35 35 35 35 35 35 35 35 35 35 35 35 35 35 35 35 35 35 35 35 35 35 35 35 35 35 35 35 35 35 35 35 16 44 30 30 30 30 43 16 16 16 16 16 16 16
35 35 35 35 35 35 35 35 35 35 35 35 35 35 35 35 35 35 35 35 35 35 35 35 35 35 35 35 35 35 35 35 35 35 35 35 35 35 35 35 35 35 35 35 35 35 35 35 35 35 35 35 35 35 35 35 35 35 35 35 35 35 35 35 35 35 35 35 35 35 35 35 39 35 35 35 35 35 35 35 35 26 35 35 35 35 16 44 30 30 30 30 43 16 16 16 16 16 16 16
35 35 35 35 35 35 35 35 35 35 35 35 35 35 35 35 35 35 35 35 35 35 35 35 35 35 35 35 35 35 35 35 35 35 35 35 35 35 35 35 35 35 35 35 35 35 35 35 35 35 35 35 35 35 35 35 35 35 35 35 35 35 35 35 35 35 35 26 35 35 35 35 35 35 35 35 35 35 35 35 35 35 35 35 35 35 16 16 16 16 16 16 16 16 16 16 16 16 16 16
35 35 35 35 35 35 35 35 35 35 35 35 35 35 35 35 35 35 35 35 35 35 35 35 35 35 35 35 35 35 35 35 35 35 35 35 35 35 35 35 35 35 35 35 35 35 35 35 35 35 35 35 35 35 35 35 35 35 35 35 35 35 35 35 35 35 35 35 35 35 35 35 35 35 35 35 35 35 35 35 40 35 35 35 35 35 16 16 16 16 16 16 16 16 16 16 16 16 16 16
35 35 35 35 35 35 35 35 35 35 35 35 35 35 35 35 35 35 35 35 35 35 35 35 35 35 35 35 35 35 35 35 35 35 35 35 35 35 35 35 35 35 35 35 35 35 35 35 35 35 35 35 35 35 35 35 35 35 35 35 35 35 35 35 35 35 35 35 35 35 35 35 35 35 35 35 35 35 35 35 35 35 35 35 35 35 16 16 16 16 16 16 16 16 16 16 16 16 16 16
35 35 35 35 35 35 35 35 35 35 35 35 35 35 35 35 35 35 35 35 35 35 35 35 35 35 35 35 35 35 35 35 35 35 35 35 35 35 35 35 35 35 35 35 35 35 35 35 35 35 35 35 35 35 35 35 35 35 35 35 35 35 35 35 35 35 35 26 35 35 35 35 35 26 35 35 35 26 35 35 35 35 35 35 24 25 16 16 16 16 16 16 16 16 16 16 16 16 16 16
35 35 35 35 35 35 35 35 35 35 35 35 35 35 35 35 35 35 35 35 35 35 35 35 35 35 35 35 35 35 35 35 35 35 35 35 35 35 35 35 35 35 35 35 35 35 35 35 35 35 35 35 35 35 35 35 35 35 35 35 35 35 35 35 35 35 35 35 35 35 35 35 35 35 35 35 35 35 35 35 35 35 35 35 35 35 16 16 16 16 16 16 16 16 16 16 16 16 16 16
35 35 35 35 35 35 35 35 35 35 35 35 35 35 35 35 35 35 35 35 35 35 35 35 35 35 35 35 35 35 35 35 35 35 35 35 35 35 35 35 35 35 35 35 35 35 35 35 35 35 35 35 35 35 35 35 35 35 35 35 35 35 35 35 35 35 35 35 35 35 35 35 35 35 35 35 35 35 35 35 35 35 35 26 35 35 16 16 16 16 16 16 16 16 16 16 16 16 16 16
35 35 35 35 35 35 35 35 35 35 35 35 35 35 35 35 35 35 35 35 35 35 35 35 35 35 35 35 35 35 35 35 35 35 35 35 35 35 35 35 35 35 35 35 35 35 35 35 35 35 35 35 35 35 35 35 35 35 35 35 35 35 35 35 35 35 35 26 35 35 35 35 35 35 35 35 35 35 35 35 26 35 35 35 35 35 16 16 16 16 16 16 16 16 16 16 16 16 16 16
35 35 35 35 35 35 35 35 35 35 35 35 35 35 35 35 35 35 35 35 35 35 35 35 35 35 35 35 35 35 35 35 35 35 35 35 35 35 35 35 35 35 35 35 35 35 35 35 35 35 35 35 35 35 35 35 35 35 35 35 35 35 35 35 35 35 35 35 35 35 35 40 35 35 35 26 35 35 35 35 35 35 35 35 35 35 16 16 16 16 16 16 16 16 16 16 16 16 16 16
35 35 35 35 35 35 35 35 35 35 35 35 35 35 35 35 35 35 35 35 35 35 35 35 35 35 35 35 35 35 35 35 35 35 35 35 35 35 35 35 35 35 35 35 35 35 35 35 35 35 35 35 35 35 35 35 35 35 35 35 35 35 35 35 35 35 35 35 35 35 35 35 35 35 35 35 35 35 35 35 26 35 35 35 35 35 16 16 16 16 16 16 16 16 16 16 16 16 16 16
35 35 35 35 35 35 35 35 35 35 35 35 35 35 35 35 35 35 35 35 35 35 35 35 35 35 35 35 35 35 35 35 35 35 35 35 35 35 35 35 35 35 35 35 35 35 35 35 35 35 35 35 35 35 35 35 35 35 35 35 35 35 35 35 35 35 35 35 35 35 35 35 35 35 35 35 35 35 35 35 35 35 35 35 35 35 16 16 16 16 16 16 16 16 16 16 16 16 16 16
35 35 35 35 35 35 35 35 35 35 35 35 35 35 35 35 35 35 35 35 35 35 35 35 35 35 35 35 35 35 35 35 35 35 35 35 35 35 35 35 35 35 35 35 35 35 35 35 35 35 35 35 35 35 35 35 35 35 35 35 35 35 35 35 35 35 35 35 35 35 35 35 35 35 35 35 35 35 35 35 35 35 35 39 35 35 16 16 16 16 16 16 16 16 16 16 16 16 16 16
35 35 35 35 35 35 35 35 35 35 35 35 35 35 35 35 35 35 35 35 35 35 35 35 35 35 35 35 35 35 35 35 35 35 35 35 35 35 35 35 35 35 35 35 35 35 35 35 35 35 35 35 35 35 35 35 35 35 35 35 35 35 35 35 35 35 35 35 35 35 35 35 35 35 35 35 35 35 26 35 35 35 35 35 35 35 16 16 16 16 16 16 16 16 16 16 16 16 16 16
35 35 35 35 35 35 35 35 35 35 35 35 35 35 35 35 35 35 35 35 35 35 35 35 35 35 35 35 35 35 35 35 35 35 35 35 35 35 35 35 35 35 35 35 35 35 35 35 35 35 35 35 35 35 35 35 35 35 35 35 35 35 35 35 35 35 35 35 35 26 35 35 35 26 35 35 35 35 35 35 35 35 35 35 35 35 16 16 16 16 16 16 16 16 16 16 16 16 16 16
35 35 35 35 35 35 35 35 35 35 35 35 35 35 35 35 35 35 35 35 35 35 35 35 35 35 35 35 35 35 35 35 35 35 35 35 35 35 35 35 35 35 35 35 35 35 35 35 35 35 35 35 35 35 35 35 35 35 35 35 35 35 35 35 35 35 35 35 35 35 35 35 35 35 35 35 35 35 35 35 35 35 35 26 35 35 16 16 16 16 16 16 16 16 16 16 16 16 16 16
35 35 35 35 35 35 35 35 35 35 35 35 35 35 35 35 35 35 35 35 35 35 35 35 35 35 35 35 35 35 35 35 35 35 35 35 35 35 35 35 35 35 35 35 35 35 35 35 35 35 35 35 35 35 35 35 35 35 35 35 35 35 35 35 35 35 35 35 35 35 35 35 35 35 35 35 35 35 35 35 35 35 35 35 35 35 16 16 16 16 16 16 16 16 16 16 16 16 16 16
35 35 35 35 35 35 35 35 35 35 35 35 35 35 35 35 35 35 35 35 35 35 35 35 35 35 35 35 35 35 35 35 35 35 35 35 35 35 35 35 35 35 35 35 35 35 35 35 35 35 35 35 35 35 35 35 35 35 35 35 35 35 35 35 35 35 35 35 35 35 35 35 35 35 35 35 40 35 35 35 35 26 35 35 35 17 16 16 16 16 16 16 16 16 16 16 16 16 16 16
35 35 35 35 35 35 35 35 35 35 35 35 35 35 35 35 35 35 35 35 35 35 35 35 35 35 35 35 35 35 35 35 35 35 35 35 35 35 35 35 35 35 35 35 35 35 35 35 35 35 35 35 35 35 35 35 35 35 35 35 35 35 35 35 35 35 35 35 35 35 35 35 35 35 35 35 35 35 26 35 35 35 35 35 17 16 16 16 16 16 16 16 16 16 16 16 16 16 16 16
35 35 35 35 35 35 35 35 35 35 35 35 35 35 35 35 35 35 35 35 35 35 35 35 35 35 35 35 35 35 35 35 35 35 35 35 35 35 35 35 35 35 35 35 35 35 35 35 35 35 35 35 35 35 35 35 35 35 35 35 35 35 35 35 35 35 35 35 35 26 35 35 35 35 35 35 35 35 35 35 35 35 35 35 16 16 16 16 16 16 16 16 16 16 16 16 16 16 16 16
35 35 35 35 35 35 35 35 35 35 35 35 35 35 35 35 35 35 35 35 35 35 35 35 35 35 35 35 35 35 35 35 35 35 35 35 35 35 35 35 35 35 35 35 35 35 35 35 35 35 35 35 35 35 35 35 35 35 35 26 35 35 35 35 26 35 35 35 35 35 35 35 35 35 35 35 35 35 35 35 35 35 26 35 16 16 16 16 16 16 16 16 16 41 41 41 16 16 16 16
35 35 35 35 35 35 35 35 35 35 35 35 35 35 35 35 35 35 35 35 35 35 35 35 35 35 35 35 35 35 35 35 35 35 35 35 35 35 35 35 35 35 35 35 35 35 35 35 35 35 35 35 35 35 35 35 35 35 35 35 35 35 35 35 35 35 35 35 35 35 35 35 35 35 40 35 35 35 35 35 26 35 35 35 16 16 16 16 16 16 16 41 41 41 41 41 16 16 16 16
35 35 35 35 35 35 35 35 35 35 35 35 35 35 35 35 35 35 35 35 35 35 35 35 35 35 35 35 35 35 35 35 35 35 35 35 35 35 35 35 35 35 35 35 35 35 35 35 35 35 35 35 35 35 35 35 35 35 35 35 35 26 35 35 35 35 35 35 35 35 35 35 35 35 35 35 35 26 35 35 35 35 35 35 16 16 44 46 46 46 46 46 46 41 16 16 16 16 16 16
35 35 35 35 35 35 35 35 35 35 35 35 35 35 35 35 35 35 35 35 35 35 35 35 35 35 35 35 35 35 35 35 35 35 35 35 35 35 35 35 35 35 35 35 35 35 35 35 35 35 35 35 35 35 35 35 35 35 35 35 35 35 35 35 35 35 35 35 26 35 35 35 35 35 35 35 35 35 35 35 35 35 35 35 35 16 44 45 45 45 45 45 45 43 16 16 16 16 16 16
35 35 35 35 35 35 35 35 35 35 35 35 35 35 35 35 35 35 35 35 35 35 35 35 35 35 35 35 35 35 35 35 35 35 35 35 35 35 35 35 35 35 35 35 35 35 35 35 35 35 35 35 35 35 35 35 35 35 35 35 35 35 35 35 26 35 35 35 35 35 35 35 35 35 35 35 35 35 35 35 35 35 35 35 16 44 30 30 30 30 30 30 30 43 16 16 16 16 16 16
35 35 35 35 35 35 35 35 35 35 35 35 35 35 35 35 35 35 35 35 35 35 35 35 35 35 35 35 35 35 35 35 35 35 35 35 35 35 35 35 35 35 35 35 35 35 35 35 35 35 35 35 35 35 35 35 35 35 35 35 35 35 35 35 35 35 35 35 35 35 35 35 35 35 35 35 35 35 35 35 26 35 35 35 16 44 30 30 30 30 30 30 30 30 43 16 16 16 16 16
35 35 35 35 35 35 35 35 35 35 35 35 35 35 35 35 35 35 35 35 35 35 35 35 35 35 35 35 35 35 35 35 35 35 35 35 35 35 35 35 35 35 35 35 35 35 35 35 35 35 35 35 35 35 35 35 35 35 35 35 35 35 35 35 35 35 35 35 35 35 26 35 35 35 35 35 35 35 35 35 35 35 30 30 30 30 30 30 30 30 30 30 30 30 30 16 16 16 16 16
35 35 35 35 35 35 35 35 35 35 35 35 35 35 35 35 35 35 35 35 35 35 35 35 35 35 35 35 35 35 35 35 35 35 35 35 35 35 35 35 35 35 35 35 35 35 35 35 35 35 35 35 35 35 35 35 35 35 35 35 26 35 35 35 35 35 35 35 35 35 35 35 35 35 35 35 35 35 35 35 35 35 30 43 16 16 44 30 30 30 30 30 30 30 43 16 16 16 16 16
35 35 35 35 35 35 35 35 35 35 35 35 35 35 35 35 35 35 35 35 35 35 35 35 35 35 35 35 35 35 35 35 35 35 35 35 35 35 35 35 35 35 35 35 35 35 35 35 35 35 35 35 35 35 35 35 35 35 35 35 35 35 35 35 35 35 35 39 35 35 35 35 35 35 35 35 26 35 35 35 26 35 30 43 16 16 16 44 30 30 30 43 16 16 16 16 16 16 16 16
35 35 35 35 35 35 35 35 35 35 35 35 35 35 35 35 35 35 35 35 35 35 35 35 35 35 35 35 35 35 35 35 35 35 35 35 35 35 35 35 35 35 35 35 35 35 35 35 35 35 35 35 35 35 35 35 35 35 35 35 35 35 35 35 35 35 35 35 35 35 35 35 35 35 35 35 35 35 35 35 35 30 30 43 16 16 16 16 16 16 16 16 16 16 16 16 16 16 16 16
35 35 35 35 35 35 35 35 35 35 35 35 35 35 35 35 35 35 35 35 35 35 35 35 35 35 35 35 35 35 35 35 35 35 35 35 35 35 35 35 35 35 35 35 35 35 35 35 35 35 35 35 35 35 35 35 35 35 35 35 35 35 35 35 35 35 35 35 35 35 35 35 35 35 35 35 35 26 35 35 41 30 43 16 16 16 16 16 16 16 16 16 16 16 16 16 16 16 16 16
35 35 35 35 35 35 35 35 35 35 35 35 35 35 35 35 16 35 35 35 35 35 35 35 35 35 35 35 35 35 35 35 35 35 35 35 35 35 35 35 35 35 35 35 35 35 35 35 35 35 35 35 35 35 35 35 35 35 40 35 35 35 35 35 35 26 35 35 35 26 35 35 35 35 35 35 35 35 35 35 41 30 41 43 16 16 16 16 16 16 16 16 16 16 16 16 16 16 16 16
35 35 35 35 35 35 35 35 35 35 35 35 35 35 35 35 35 35 35 35 35 35 35 35 35 35 35 35 35 35 35 35 35 35 35 35 35 35 35 35 35 35 35 35 35 35 35 35 35 35 35 35 35 35 35 35 35 35 35 35 35 35 35 35 35 35 35 35 35 35 35 35 35 35 35 35 35 35 35 41 41 30 41 43 16 16 16 16 16 16 16 16 16 16 16 16 16 16 16 16
35 35 35 35 35 35 35 35 35 35 35 35 35 35 35 35 35 35 35 35 35 35 35 35 35 35 35 35 35 35 35 35 35 35 35 35 35 35 35 35 35 35 35 35 35 35 35 35 35 35 35 35 35 35 35 35 35 35 35 35 35 35 35 35 35 35 35 35 35 35 35 26 35 35 35 35 35 35 35 41 46 30 46 46 43 16 16 16 16 16 16 16 16 16 16 16 16 16 16 16
35 35 35 35 35 35 35 35 35 35 35 35 35 35 35 35 35 35 35 35 35 35 35 35 35 35 35 35 35 35 35 35 35 35 35 35 35 35 35 35 35 35 35 35 35 35 35 35 35 35 35 35 35 35 35 26 35 35 35 35 35 35 35 35 35 35 35 35 35 35 35 35 35 35 35 35 35 35 16 44 45 30 45 45 43 16 16 16 16 16 16 16 16 16 16 16 16 16 16 16
35 35 35 35 35 35 35 35 35 35 35 35 35 35 35 35 35 35 35 35 35 35 35 35 35 35 35 35 35 35 35 35 35 35 35 35 35 35 35 35 35 35 35 35 35 35 35 35 35 35 26 35 35 35 35 35 35 35 35 35 35 35 35 35 26 35 35 35 35 35 35 35 35 35 35 35 35 35 16 44 30 30 30 30 30 30 30 43 16 16 16 16 16 16 16 16 16 16 16 16
35 35 35 35 35 35 35 35 35 35 35 35 35 35 35 35 35 35 35 35 35 35 35 35 35 35 35 35 35 35 35 35 35 35 35 35 35 35 35 35 35 35 35 35 35 35 35 35 35 35 35 35 35 35 35 35 35 35 35 35 35 35 35 35 35 35 35 35 35 35 35 39 35 35 35 26 35 35 16 16 44 30 30 30 30 30 30 43 16 16 16 16 16 16 16 16 16 16 16 16
35 35 35 35 35 35 35 35 35 35 35 35 35 35 35 35 35 35 35 35 35 35 35 35 35 35 35 35 35 35 35 35 35 35 35 35 35 35 35 35 35 35 35 35 35 35 35 35 35 35 35 35 35 35 35 35 35 35 26 35 35 35 35 35 35 35 35 35 26 35 35 35 35 35 35 35 35 17 16 16 16 16 16 16 16 16 16 16 16 16 16 16 16 16 16 16 16 16 16 16
35 35 35 35 35 35 35 35 35 35 35 35 35 35 35 35 35 35 35 35 35 35 35 35 35 35 35 35 35 35 35 35 35 35 35 35 35 35 35 35 35 35 35 35 35 35 35 35 35 35 35 35 35 26 35 35 35 35 35 35 35 35 35 26 35 35 35 35 35 35 35 40 35 35 35 26 35 16 16 16 16 16 16 16 16 16 16 16 16 16 16 16 16 16 16 16 16 16 16 16
35 35 35 35 35 35 35 35 35 35 35 35 35 35 35 35 35 35 35 35 35 35 35 35 35 35 35 35 35 35 35 35 35 35 35 35 35 35 35 35 35 35 35 35 35 35 35 35 35 35 35 35 35 35 35 35 35 35 35 35 35 35 35 35 35 35 35 35 35 35 35 35 35 35 35 35 17 16 16 16 16 16 16 16 16 16 16 16 16 16 16 16 16 16 16 16 16 16 16 16
35 35 35 35 35 35 35 35 35 35 35 35 35 35 35 35 35 35 35 35 35 35 35 35 35 35 35 35 35 35 35 35 35 35 35 35 35 35 35 35 35 35 35 35 35 35 35 35 35 26 35 35 35 35 35 35 35 35 26 41 35 35 35 35 35 35 26 35 35 35 35 35 35 35 35 35 16 16 16 16 16 16 16 16 16 16 16 16 16 16 16 16 16 16 16 16 16 16 16 16
35 35 35 35 35 35 35 35 35 35 35 35 35 35 35 35 35 35 35 35 35 35 35 35 35 35 35 35 35 35 35 35 35 35 35 35 35 35 35 35 35 35 35 35 35 35 35 35 35 35 35 35 35 35 35 35 35 35 35 41 35 35 35 35 35 35 35 35 35 35 35 35 35 35 35 17 16 16 16 16 16 16 16 16 16 16 16 16 16 16 16 16 16 16 16 16 16 16 16 16
35 35 35 35 35 35 35 35 35 35 35 35 35 35 35 35 35 35 35 35 35 35 35 35 35 35 35 35 35 35 35 35 35 35 35 35 35 35 35 35 35 35 35 35 35 35 35 35 35 35 35 35 35 35 35 26 35 35 35 41 35 35 35 35 35 35 35 35 35 35 26 35 35 35 35 16 16 16 16 16 16 16 16 16 16 16 16 16 16 16 16 16 16 16 16 16 16 16 16 16
35 35 35 35 35 35 35 35 35 35 35 35 35 35 35 35 35 35 35 35 35 35 35 35 35 35 35 35 35 35 35 35 35 35 35 35 35 35 35 35 35 35 35 35 35 35 35 35 35 40 26 35 35 35 35 35 35 35 41 41 41 35 35 35 35 39 35 35 35 35 35 35 35 35 35 16 16 16 16 16 16 16 16 16 16 16 16 16 16 16 16 16 16 16 16 16 16 16 16 16
35 35 35 35 35 35 35 35 35 35 35 35 35 35 35 35 35 35 35 35 35 35 35 35 35 35 35 35 35 35 35 35 35 35 35 35 35 35 35 35 35 35 35 35 35 35 35 35 35 35 35 35 35 35 35 35 35 35 41 41 41 26 35 35 35 35 35 35 35 35 35 35 35 35 35 16 16 16 16 16 16 16 16 16 16 16 16 16 16 16 16 16 16 16 16 16 16 16 16 16
35 35 35 35 35 35 35 35 35 35 35 35 35 35 35 35 35 35 35 35 35 35 35 35 35 35 35 35 35 35 35 35 35 35 35 35 35 35 35 35 35 35 35 35 35 35 35 35 35 35 35 35 35 35 35 35 35 35 41 41 41 35 35 35 35 35 35 26 35 35 35 35 26 35 35 16 16 16 16 16 41 41 41 16 16 16 16 16 16 16 16 16 16 16 16 16 16 16 16 16
35 35 35 35 35 35 35 35 35 35 35 35 35 35 35 35 35 35 35 35 35 35 35 35 35 35 35 35 35 35 35 35 35 35 35 35 35 35 35 35 35 35 35 35 35 35 35 35 35 35 35 35 35 35 26 35 35 35 41 41 41 41 35 35 35 35 35 35 35 35 35 35 35 35 16 16 16 16 41 41 41 41 41 16 16 16 16 16 16 16 16 16 16 16 16 16 16 16 16 16
35 35 35 35 35 35 35 35 35 35 35 35 35 35 35 35 35 35 35 35 35 35 35 35 35 35 35 35 35 35 35 35 35 35 35 35 35 35 35 35 35 35 35 35 35 35 35 35 35 35 35 35 35 35 35 35 35 41 41 41 16 16 41 35 35 35 35 35 35 35 26 35 35 35 16 16 44 46 46 46 46 43 16 16 16 16 16 16 16 16 16 16 16 16 16 16 16 16 16 16
35 35 35 35 35 35 35 35 35 35 35 35 35 35 35 35 35 35 35 35 35 35 35 35 35 35 35 35 35 35 35 35 35 35 35 35 35 35 35 35 35 35 35 35 35 35 35 35 35 35 35 35 35 35 35 35 35 41 41 16 16 16 16 44 28 28 28 28 28 28 28 28 28 43 16 16 44 45 45 45 45 43 16 16 16 16 16 16 16 16 16 16 16 16 16 16 16 16 16 16
35 35 35 35 35 35 35 35 35 35 35 35 35 35 35 35 35 35 35 35 35 35 35 35 35 35 35 35 35 35 35 35 35 35 35 35 35 35 35 35 35 35 35 35 35 35 35 35 35 26 35 35 35 39 35 35 35 41 41 16 16 16 44 30 30 30 30 30 30 30 30 30 30 30 30 30 30 30 30 30 30 43 16 16 16 16 16 16 16 16 16 16 16 16 16 16 16 16 16 16
35 35 35 35 35 35 35 35 35 35 35 35 35 35 35 35 35 35 35 35 35 35 35 35 35 35 35 35 35 35 35 35 35 35 35 35 35 35 35 35 35 35 35 35 35 35 35 35 35 35 35 35 35 35 35 35 35 41 41 16 16 16 44 30 30 30 30 30 30 30 30 30 30 30 30 30 30 30 30 30 30 43 16 16 16 16 16 16 16 16 16 16 16 16 16 16 16 16 16 16
35 35 35 35 35 35 35 35 35 35 35 35 35 35 35 35 35 35 35 35 35 35 35 35 35 35 35 35 35 35 35 35 35 35 35 35 35 35 35 35 35 35 35 35 35 35 35 35 35 35 35 35 35 35 35 35 35 41 41 16 16 44 30 30 30 30 30 30 30 30 30 30 30 30 30 30 30 30 30 30 43 16 16 16 16 16 16 16 16 16 16 16 16 16 16 16 16 16 16 16
35 35 35 35 35 35 35 35 35 35 35 35 35 35 35 35 35 35 35 35 35 35 35 35 35 35 35 35 35 35 35 35 35 35 35 35 35 35 35 35 26 35 35 35 35 35 26 35 35 35 26 35 35 35 35 35 41 41 41 16 16 44 30 30 30 30 30 30 30 30 30 30 30 30 30 30 30 30 30 30 43 16 16 16 16 16 16 16 16 16 16 16 16 16 16 16 16 16 16 16
35 35 35 35 35 35 35 35 35 35 35 35 35 35 35 35 35 35 35 35 35 35 35 35 35 35 35 35 35 35 35 35 35 35 35 35 35 35 35 35 35 35 35 35 35 35 35 26 35 35 35 35 35 35 35 35 41 41 17 16 16 16 16 44 30 30 30 30 30 30 30 30 30 30 30 30 30 30 30 43 16 16 16 16 16 16 16 16 16 16 16 16 16 16 16 16 16 16 16 16
35 35 35 35 35 35 35 35 35 35 35 35 35 35 35 35 35 35 35 35 35 35 35 35 35 35 35 35 35 35 35 35 35 35 35 35 35 35 35 35 35 35 35 35 35 35 35 35 35 35 35 35 35 35 26 35 41 41 16 16 16 16 16 16 16 44 30 30 30 30 30 30 30 30 30 30 30 30 43 16 16 16 16 16 16 16 16 16 16 16 16 16 16 16 16 16 16 16 16 16
35 35 35 35 35 35 35 35 35 35 35 35 35 35 35 35 35 35 35 35 35 35 35 35 35 35 35 35 35 35 35 35 35 35 35 35 35 35 35 35 35 35 35 35 35 35 35 35 35 35 35 35 35 35 35 35 41 41 16 16 16 16 16 16 16 16 16 16 44 30 30 30 30 30 30 30 30 30 43 16 16 16 16 16 16 16 16 16 16 16 16 16 16 16 16 16 16 16 16 16
35 35 35 35 35 35 35 35 35 35 35 35 35 35 35 35 35 35 35 35 35 35 35 35 35 35 35 35 35 35 35 35 35 35 35 35 35 35 35 26 35 35 35 35 35 35 35 35 35 35 26 35 35 35 35 35 41 17 16 16 16 16 16 16 16 16 16 16 16 16 16 44 30 30 30 30 30 43 16 16 16 16 16 16 16 16 16 16 16 16 16 16 16 16 16 16 16 16 16 16
35 35 35 35 35 35 35 35 35 35 35 35 35 35 35 35 35 35 35 35 35 35 35 35 35 35 35 35 35 35 35 35 35 35 35 35 35 35 35 35 35 35 35 35 35 39 35 35 35 35 35 35 35 35 26 35 17 16 16 16 16 16 16 16 16 16 16 16 16 16 16 16 16 16 16 16 16 16 16 16 16 16 16 16 16 16 16 16 16 16 16 16 16 16 16 16 16 16 16 16
35 35 35 35 35 35 35 35 35 35 35 35 35 35 35 35 35 35 35 35 35 35 35 35 35 35 35 35 35 35 35 35 26 35 35 35 35 26 35 35 35 26 35 35 35 35 35 35 35 35 35 35 39 35 35 35 16 16 16 16 16 16 16 16 16 16 16 16 16 16 16 16 16 16 16 16 16 16 16 16 16 16 16 16 16 16 16 16 16 16 16 16 16 16 16 16 16 16 16 16
35 35 35 35 35 35 35 35 35 35 35 35 35 35 35 35 35 35 35 35 35 35 35 35 35 35 35 35 35 35 35 35 35 35 35 35 35 35 35 35 35 35 35 35 35 35 35 35 35 35 35 35 35 35 35 16 16 16 41 41 41 41 41 16 16 16 16 16 16 16 16 16 16 16 16 16 16 16 16 16 16 16 16 16 16 16 16 16 16 16 16 16 16 16 16 16 16 16 16 16
35 35 35 35 35 35 35 35 35 35 35 35 35 35 35 35 35 35 35 35 35 35 35 35 35 35 35 35 35 35 35 35 39 35 35 35 35 35 35 35 35 35 35 26 35 35 35 35 35 35 35 35 35 35 16 16 41 41 41 41 41 41 41 16 16 16 16 16 16 16 16 16 16 16 16 16 16 16 16 16 16 16 16 16 16 16 16 16 16 16 16 16 16 16 16 16 16 16 16 16
35 35 35 35 35 35 35 35 35 35 35 35 35 35 35 35 35 35 35 35 35 35 35 35 35 35 35 35 35 35 35 35 35 35 35 35 26 35 35 35 35 35 35 35 35 35 35 35 26 35 35 26 35 35 41 41 41 41 41 41 41 41 41 41 16 16 16 16 16 16 16 16 16 16 16 16 16 16 16 16 16 16 16 16 16 16 16 16 16 16 16 16 16 16 16 16 16 16 16 16
35 35 35 35 35 35 35 35 35 35 35 35 35 35 35 35 35 35 35 35 35 35 35 35 35 35 35 35 35 35 35 35 35 35 35 35 35 35 35 26 35 35 35 35 35 35 35 35 35 35 35 35 35 35 41 41 41 41 41 41 41 41 41 41 16 16 16 16 16 16 16 16 16 16 16 16 16 16 16 16 16 16 16 16 16 16 16 16 16 16 16 16 16 16 16 16 16 16 16 16
35 35 35 35 35 35 35 35 35 35 35 35 35 35 35 35 35 35 35 35 35 35 35 35 35 35 35 35 35 35 35 35 35 35 26 35 35 35 35 35 35 35 35 35 35 35 35 35 35 35 16 16 16 16 41 41 41 41 41 41 41 41 41 16 16 16 16 16 16 16 16 16 16 16 16 16 16 16 16 16 16 16 16 16 16 16 16 16 16 16 16 16 16 16 16 16 16 16 16 16
35 35 35 35 35 35 35 35 35 35 35 35 35 35 35 35 35 35 35 35 35 35 35 35 35 35 35 35 35 35 35 35 35 35 35 35 26 35 35 35 35 35 40 26 35 35 35 35 35 35 16 16 16 16 16 41 46 46 46 46 41 41 16 16 16 16 16 16 16 16 16 16 16 16 16 16 16 16 16 16 16 16 16 16 16 16 16 16 16 16 16 16 16 16 16 16 16 16 16 16
35 35 35 35 35 35 35 35 35 35 35 35 35 35 35 35 35 35 35 35 35 35 35 35 35 35 35 35 35 35 35 35 35 35 35 35 35 35 35 35 35 35 35 35 35 35 35 35 35 35 16 16 16 16 16 44 45 45 45 45 43 16 16 16 16 16 16 16 16 16 16 16 16 16 16 16 16 16 16 16 16 16 16 16 16 16 16 16 16 16 16 16 16 16 16 16 16 16 16 16
35 35 35 35 35 35 35 35 35 35 35 35 35 35 35 35 35 35 35 35 35 35 35 35 35 35 35 35 35 35 35 35 35 35 35 35 35 35 35 35 35 35 35 35 35 35 35 35 26 17 16 16 16 16 44 30 30 30 30 30 30 30 30 43 16 16 16 16 16 16 16 16 16 16 16 16 16 16 16 16 16 16 16 16 16 16 16 16 16 16 16 16 16 16 16 16 16 16 16 16
35 35 35 35 35 35 35 35 35 35 35 35 35 35 35 35 35 35 35 35 35 35 35 35 35 35 35 35 35 35 35 26 35 26 35 35 35 35 35 26 35 35 35 35 35 26 35 35 35 16 16 16 16 16 44 30 30 30 30 30 30 30 30 30 30 30 30 30 30 30 43 16 16 16 16 16 16 16 16 16 16 16 16 16 16 16 16 16 16 16 16 16 16 16 16 16 16 16 16 16
35 35 35 35 35 35 35 35 35 35 35 35 35 35 35 35 35 35 35 35 35 35 35 35 35 35 35 35 35 35 35 35 35 35 35 35 35 35 35 35 35 35 35 35 35 39 35 35 35 16 16 16 16 44 30 30 30 30 30 30 30 30 30 30 30 30 30 30 30 30 43 16 16 16 16 16 16 16 16 16 16 16 16 16 16 16 16 16 16 16 16 16 16 16 16 16 16 16 16 16
35 35 35 35 35 35 35 35 35 35 35 35 35 35 35 35 35 35 35 35 35 35 35 35 35 35 35 35 35 35 35 35 35 35 26 35 35 35 35 35 35 35 26 35 35 35 35 35 35 16 16 16 16 44 30 30 30 30 30 30 30 30 30 30 30 30 30 43 16 16 16 16 16 16 16 16 16 16 16 16 16 16 16 16 16 16 16 16 16 16 16 16 16 16 16 16 16 16 16 16
35 35 35 35 35 35 35 35 35 35 35 35 35 35 35 35 35 35 35 35 35 35 35 35 35 35 35 35 35 35 35 35 35 35 35 35 35 26 35 35 35 35 35 35 35 35 35 35 26 16 16 16 16 16 44 30 30 30 30 30 30 30 30 30 30 30 30 43 16 16 16 16 16 16 16 16 16 16 16 16 16 16 16 16 16 16 16 16 16 16 16 16 16 16 16 16 16 16 16 16
35 35 35 35 35 35 35 35 35 35 35 35 35 35 35 35 35 35 35 35 35 35 35 35 35 35 35 35 35 35 35 35 35 35 35 35 35 35 35 35 35 35 35 35 26 35 35 35 35 16 16 16 16 16 16 44 30 30 30 30 30 30 30 30 30 30 43 16 16 16 16 16 16 16 16 16 16 16 16 16 16 16 16 16 16 16 16 16 16 16 16 16 16 16 16 16 16 16 16 16
35 35 35 35 35 35 35 35 35 35 35 35 35 35 35 35 35 35 35 35 35 35 35 35 35 35 35 35 35 35 35 26 35 35 35 35 35 35 35 35 35 35 35 35 35 35 35 35 16 16 16 16 16 16 16 16 44 30 30 30 30 30 30 43 16 16 16 16 16 16 16 16 16 16 16 16 16 16 16 16 16 16 16 16 16 16 16 16 16 16 16 16 16 16 16 16 16 16 16 16
35 35 35 35 35 35 35 35 35 35 35 35 35 35 35 35 35 35 35 35 35 35 35 35 35 35 35 35 35 35 35 35 35 35 35 35 35 35 35 26 35 35 35 35 35 35 35 17 16 16 16 16 16 16 16 16 16 16 16 16 16 16 16 16 16 16 16 16 16 16 16 16 16 16 16 16 16 16 16 16 16 16 16 16 16 16 16 16 16 16 16 16 16 16 16 16 16 16 16 16
35 35 35 35 35 35 35 35 35 35 35 35 35 35 35 35 35 35 35 35 35 35 35 35 35 35 35 35 35 35 35 35 35 35 35 35 35 35 35 35 35 35 35 35 26 35 17 16 16 16 16 16 16 16 16 16 16 16 16 16 16 16 16 16 16 16 16 16 16 16 16 16 16 16 16 16 16 16 16 16 16 16 16 16 16 16 16 16 16 16 16 16 16 16 16 16 16 16 16 16
35 35 35 35 35 35 35 35 35 35 35 35 35 35 35 35 35 35 35 35 35 35 35 35 35 35 35 35 35 35 35 35 35 26 35 35 35 35 35 26 35 35 35 35 35 35 16 16 16 16 16 16 16 16 16 16 16 16 16 16 16 16 16 16 16 16 16 16 16 16 16 16 16 16 16 16 16 16 16 16 16 16 16 16 16 16 16 16 16 16 16 16 16 16 16 16 16 16 16 16
35 35 35 35 35 35 35 35 35 35 35 35 35 35 35 35 35 35 35 35 35 35 35 35 35 35 35 35 35 35 35 35 35 35 35 35 35 35 35 35 35 35 35 17 17 16 16 16 16 16 16 16 16 16 16 16 16 16 16 16 16 16 16 16 16 16 16 16 16 16 16 16 16 16 16 16 16 16 16 16 16 16 16 16 16 16 16 16 16 16 16 16 16 16 16 16 16 16 16 16
35 35 35 35 35 35 35 35 35 35 35 35 35 35 35 35 35 35 35 35 35 35 35 35 35 35 35 35 35 35 35 35 26 35 35 35 35 35 35 35 35 35 35 16 16 16 16 16 16 16 16 16 41 41 41 41 41 16 16 16 16 16 16 16 16 16 16 16 16 16 16 16 16 16 16 16 16 16 16 16 16 16 16 16 16 16 16 16 16 16 16 16 16 16 16 16 16 16 16 16
35 35 35 35 35 35 35 35 35 35 35 35 35 35 35 35 35 35 35 35 35 35 35 35 35 35 35 35 35 35 35 35 35 35 35 35 35 40 35 35 35 26 35 16 41 41 41 41 41 16 41 41 41 41 41 41 41 41 41 16 16 16 16 16 16 16 16 16 16 16 16 16 16 16 16 16 16 16 16 16 16 16 16 16 16 16 16 16 16 16 16 16 16 16 16 16 16 16 16 16
35 35 35 35 35 35 35 35 35 35 35 35 35 35 35 35 35 35 35 35 35 35 35 35 35 35 35 26 35 35 35 35 35 35 35 35 35 35 35 35 35 35 35 41 41 41 41 41 41 41 41 41 41 41 41 41 41 41 41 41 16 16 16 16 16 16 16 16 16 16 16 16 16 16 16 16 16 16 16 16 16 16 16 16 16 16 16 16 16 16 16 16 16 16 16 16 16 16 16 16
35 35 35 35 35 35 35 35 35 35 35 35 35 26 35 35 35 35 35 35 35 26 35 35 35 26 35 35 35 35 35 26 35 35 35 35 35 35 35 35 35 35 41 41 41 41 41 41 41 41 41 41 41 41 41 41 41 41 41 41 16 16 16 16 16 16 16 16 16 16 16 16 16 16 16 16 16 16 16 16 16 16 16 16 16 16 16 16 16 16 16 16 16 16 16 16 16 16 16 16
35 35 35 35 35 35 35 35 35 35 35 35 35 35 35 35 35 35 26 35 35 35 35 35 35 35 35 35 35 35 35 35 35 41 35 26 35 35 17 35 35 35 41 41 41 41 41 41 41 41 41 41 41 41 41 41 41 41 41 41 16 16 16 16 16 16 16 16 16 16 16 16 16 16 16 16 16 16 16 16 16 16 16 16 16 16 16 16 16 16 16 16 16 16 16 16 16 16 16 16
35 35 35 35 35 35 35 35 35 35 35 35 35 35 35 35 35 35 35 35 35 35 35 35 35 35 35 35 35 35 35 39 35 41 41 35 35 35 16 16 35 41 41 16 41 41 41 41 41 41 41 16 16 16 16 41 41 41 41 41 41 16 16 16 16 16 16 16 16 16 16 16 16 16 16 16 16 16 16 16 16 16 16 16 16 16 16 16 16 16 16 16 16 16 16 16 16 16 16 16
35 35 35 35 35 35 35 35 35 35 35 35 35 26 35 35 35 35 35 35 35 35 35 26 35 35 35 35 26 35 35 35 41 41 41 41 35 35 16 16 16 16 16 16 41 41 41 41 41 16 16 16 16 16 16 41 41 41 41 41 41 41 41 41 41 41 41 41 41 41 16 16 16 16 16 16 16 16 16 16 16 16 16 16 16 16 16 16 16 16 16 16 16 16 16 16 16 16 16 16
35 35 35 35 35 35 35 35 35 35 35 35 35 35 35 26 35 35 35 35 35 39 35 35 35 35 35 35 35 35 35 35 41 41 41 41 35 17 16 16 16 16 16 16 41 41 41 41 41 16 16 16 16 16 16 16 41 41 41 41 41 41 41 41 41 41 41 41 41 41 41 41 16 16 16 16 16 16 16 16 16 16 16 16 16 16 16 16 16 16 16 16 16 16 16 16 16 16 16 16
35 35 35 35 35 35 35 35 35 35 35 35 26 35 35 35 35 35 35 35 35 35 35 35 35 35 35 35 35 35 26 41 41 41 41 41 16 16 16 16 16 16 16 16 16 41 41 41 41 16 16 16 16 16 16 16 41 41 41 41 41 46 46 46 46 46 46 46 46 46 46 46 46 16 16 16 16 16 16 16 16 16 16 16 16 16 16 16 16 16 16 16 16 16 16 16 16 16 16 16
35 26 35 35 35 35 35 35 35 35 35 35 35 35 35 35 35 35 35 35 35 35 35 35 35 26 35 35 35 35 35 41 41 41 41 41 16 16 16 16 16 16 16 16 16 16 16 16 16 16 16 16 16 16 41 41 41 41 41 41 41 45 45 45 45 45 45 45 45 45 45 45 45 43 16 16 16 16 16 16 16 16 16 16 16 16 16 16 16 16 16 16 16 16 16 16 16 16 16 16
26 35 35 35 35 35 35 35 35 35 26 35 35 26 35 35 35 26 35 35 35 35 35 35 35 35 35 26 35 35 35 41 41 41 41 41 41 41 16 16 16 16 16 16 16 16 16 16 16 16 16 16 16 16 41 41 41 41 41 41 30 30 30 30 30 30 30 30 30 30 30 30 30 30 43 16 16 16 16 16 16 16 16 16 16 16 16 16 16 16 16 16 16 16 16 16 16 16 16 16
35 35 35 35 35 35 35 35 35 35 35 35 35 35 35 35 35 35 35 35 35 26 35 35 35 35 35 35 35 35 35 41 41 41 41 41 41 41 41 16 16 16 16 16 16 16 16 16 16 16 16 16 16 16 41 41 41 41 41 41 30 30 43 44 30 30 30 30 30 30 30 30 30 30 43 16 16 16 16 16 16 16 16 16 16 16 16 16 16 16 16 16 16 16 16 16 16 16 16 16
35 35 35 26 35 35 35 35 35 35 35 35 35 35 35 26 35 35 35 35 35 35 35 35 35 26 35 35 35 35 41 41 41 41 41 41 41 41 41 16 16 16 16 16 16 16 16 16 16 16 16 16 16 16 41 41 41 41 41 41 30 43 16 16 44 30 30 30 30 30 30 30 30 30 43 16 16 16 16 16 16 16 16 16 16 16 16 16 16 16 16 16 16 16 16 16 16 16 16 16
35 35 35 35 35 35 35 35 35 35 39 35 35 35 35 35 35 35 35 39 35 35 35 35 35 35 35 35 35 41 17 17 17 16 41 41 41 41 41 41 16 16 16 16 16 16 16 16 16 16 16 16 16 16 16 41 41 41 41 41 30 43 16 16 16 16 44 30 30 30 30 30 30 30 43 16 16 16 16 16 16 16 16 16 16 16 16 16 16 16 16 16 16 16 16 16 16 16 16 16
35 35 35 35 35 35 35 26 35 35 35 35 35 26 35 35 35 35 35 35 35 35 35 35 35 35 35 35 35 17 16 16 16 16 41 41 41 41 41 41 41 41 16 16 16 16 16 16 16 16 16 16 16 16 16 41 41 41 41 41 30 43 16 16 16 16 16 44 30 30 30 30 30 30 43 16 16 16 16 16 16 16 16 16 16 16 16 16 16 16 16 16 16 16 16 16 16 16 16 16
35 35 35 35 35 35 35 35 35 35 35 35 35 35 35 35 35 35 35 35 35 35 26 35 35 35 35 35 35 16 16 16 16 16 41 41 41 41 41 41 41 41 41 16 16 16 16 16 16 16 16 16 16 16 41 41 41 41 41 41 30 43 16 16 16 16 16 16 16 44 30 30 30 30 43 16 16 16 16 16 16 16 16 16 16 16 16 16 16 16 16 16 16 16 16 16 16 16 16 16
35 35 35 35 35 35 35 35 35 35 35 35 35 35 35 35 35 35 35 35 35 35 35 35 35 35 35 40 16 16 16 16 16 16 41 41 41 41 41 41 41 41 41 41 16 16 16 16 16 41 41 41 16 16 41 41 41 41 41 41 30 43 16 16 16 16 16 16 16 16 16 16 16 16 16 16 16 16 16 16 16 16 16 16 16 16 16 16 16 16 16 16 16 16 16 16 16 16 16 16
35 26 35 35 35 35 40 35 35 35 35 35 35 35 35 35 40 35 35 35 35 35 35 41 41 41 35 35 16 16 16 16 16 16 16 41 41 41 41 41 41 41 41 41 16 16 16 16 41 41 41 41 41 41 41 41 41 41 41 41 30 43 16 16 16 16 16 16 16 16 16 16 16 16 16 16 16 16 16 16 16 16 16 16 16 16 16 16 16 16 16 16 16 16 16 16 16 16 16 16
35 35 35 35 35 35 35 35 35 35 35 41 41 35 35 35 35 35 35 35 35 26 35 41 41 41 41 35 16 16 16 16 16 16 16 16 41 41 41 41 41 41 41 41 41 16 41 41 41 41 41 41 41 41 41 41 41 41 41 41 30 43 16 16 16 16 16 16 16 16 16 16 16 16 16 16 16 16 16 16 16 16 16 16 16 16 16 16 16 16 16 16 16 16 16 16 16 16 16 16
26 35 35 35 35 35 35 35 35 41 41 41 41 41 35 35 35 35 35 35 35 35 41 41 41 41 41 17 16 16 16 16 16 16 16 16 41 41 41 41 41 41 41 41 41 41 41 41 41 41 41 41 41 41 41 41 41 46 46 46 30 43 16 44 30 30 30 43 16 16 16 16 16 16 16 16 16 16 16 16 16 16 16 16 16 16 16 16 16 16 16 16 16 16 16 16 16 16 16 16
35 35 35 35 35 35 35 35 35 41 41 41 41 41 35 35 35 35 26 35 35 41 41 41 41 41 16 16 16 16 16 16 16 16 16 16 41 41 41 41 41 41 41 41 41 41 41 41 41 41 41 41 41 41 41 16 44 45 45 45 30 30 30 30 30 30 30 30 43 16 16 16 16 16 16 16 16 16 16 16 16 16 16 16 16 16 16 16 16 16 16 16 16 16 16 16 16 16 16 16
35 35 35 35 35 35 35 35 35 41 41 41 41 41 35 35 26 35 35 35 41 41 41 41 17 17 16 16 16 16 16 16 16 16 16 16 41 41 41 41 41 41 41 41 41 41 41 41 41 41 41 41 41 41 16 16 44 30 30 30 30 30 30 30 30 30 30 30 43 16 16 16 16 16 16 16 16 16 16 16 16 16 16 16 16 16 16 16 16 16 16 16 16 16 16 16 16 16 16 16
35 35 35 35 35 26 35 35 41 41 41 41 41 41 41 35 35 35 41 41 41 17 17 17 16 16 16 16 16 16 16 16 16 44 41 41 41 41 41 41 41 41 41 41 41 16 16 16 16 16 16 16 16 16 16 16 44 30 30 30 30 30 30 30 30 30 30 30 43 16 16 16 16 16 16 16 16 16 16 16 16 16 16 16 16 16 16 16 16 16 16 16 16 16 16 16 16 16 16 16
17 35 35 35 35 35 35 35 41 41 41 41 41 41 41 35 35 35 41 16 16 16 16 16 16 16 16 16 16 16 16 16 16 44 46 46 46 46 46 46 41 41 41 41 41 16 16 16 16 16 16 16 16 16 16 44 30 30 30 30 30 30 30 30 30 30 30 30 43 16 16 16 16 16 16 16 16 16 16 16 16 16 16 16 16 16 16 16 16 16 16 16 16 16 16 16 16 16 16 16
16 17 35 35 35 35 41 41 41 41 41 41 41 41 41 41 35 35 16 16 16 16 16 16 16 16 16 16 16 16 16 16 16 44 45 45 45 45 45 45 43 16 41 41 16 16 16 16 16 16 16 16 16 16 16 44 30 30 30 30 30 30 30 30 30 30 30 30 43 16 16 16 16 16 16 16 16 16 16 16 16 16 16 16 16 16 16 16 16 16 16 16 16 16 16 16 16 16 16 16
16 16 35 35 41 41 41 41 41 41 41 46 46 46 46 43 16 16 16 16 16 16 16 16 16 16 16 16 16 16 16 16 16 44 30 30 30 30 30 30 43 16 16 16 16 16 16 16 16 16 16 16 16 16 44 30 30 30 30 30 30 30 30 30 30 30 30 30 43 16 16 16 16 16 16 16 16 16 16 16 16 16 16 16 16 16 16 16 16 16 16 16 16 16 16 16 16 16 16 16
16 16 17 17 16 16 16 16 16 16 44 45 45 45 45 43 16 16 16 16 16 16 16 16 16 16 16 16 16 16 16 16 44 30 30 30 30 30 30 30 43 16 16 16 16 16 16 16 16 16 16 16 44 30 30 30 30 30 30 30 30 30 30 30 30 30 30 30 43 16 16 16 16 16 16 16 16 16 16 16 16 16 16 16 16 16 16 16 16 16 16 16 16 16 16 16 16 16 16 16
16 16 16 16 16 16 16 16 16 16 44 30 30 30 30 43 16 16 16 16 16 16 16 16 16 16 16 16 16 16 16 44 30 30 30 30 30 30 30 30 30 43 16 16 16 16 16 16 16 16 16 44 30 30 30 30 30 30 30 30 30 30 30 30 30 30 30 30 43 16 16 16 16 16 16 16 16 16 16 16 16 16 16 16 16 16 16 16 16 16 16 16 16 16 16 16 16 16 16 16
16 16 16 16 16 16 16 16 16 16 44 30 30 30 30 30 30 30 30 30 30 30 30 30 30 30 30 30 30 30 30 30 30 30 30 30 30 30 30 30 30 30 30 30 30 30 30 30 30 30 30 30 30 30 30 30 30 30 30 30 30 30 30 30 30 30 30 43 16 16 16 16 16 16 16 16 16 16 16 16 16 16 16 16 16 16 16 16 16 16 16 16 16 16 16 16 16 16 16 16